[N
147
137
3 prn
61
6 par_en
54
5 drclk
45
14 min_valid_addr
7
9 prescalar
15
14 enable_usr_sim
135
8 tipd_prn
105
19 fiftyfivenm_clkctrl
131
11 tipd_asdata
51
18 addr_range1_offset
67
8 lut_mask
128
17 tpd_prn_q_negedge
143
5 dataa
144
5 datab
142
5 datac
145
5 datad
130
12 tpd_asdata_q
60
6 nerase
59
8 nprogram
52
18 addr_range2_offset
136
10 tipd_aload
41
12 is_dual_boot
120
30 tsetup_sclr_clk_noedge_posedge
39
10 identifier
9
3 pwd
70
8 lpm_type
94
23 listen_to_nsleep_signal
50
20 addr_range2_end_addr
56
6 drshft
77
17 tpd_datab_combout
1
68 /home/tohka/intelFPGA_lite/23.1std/questa_fse/intel/vhdl/fiftyfivenm
86
10 tipd_dataa
87
10 tipd_datab
88
10 tipd_datac
89
10 tipd_datad
3
8 behavior
43
19 is_compressed_image
98
27 tsetup_d_clk_noedge_posedge
110
10 tipd_inclk
10
8 testbits
99
26 thold_d_clk_noedge_posedge
108
17 ena_register_mode
38
17 init_filename_sim
117
10 is_wysiwyg
104
3 ena
44
13 init_filename
106
13 vital_clkctrl
138
6 asdata
119
32 tsetup_asdata_clk_noedge_posedge
63
8 nosc_ena
93
13 simulate_z_as
69
10 dont_touch
107
10 clock_type
123
31 thold_asdata_clk_noedge_posedge
121
31 tsetup_sload_clk_noedge_posedge
65
22 fiftyfivenm_lcell_comb
78
17 tpd_datac_combout
147
17 open_drain_output
48
18 max_ufm_valid_addr
75
12 InstancePath
125
30 thold_sload_clk_noedge_posedge
17
15 simfilename_ch0
18
15 simfilename_ch1
19
15 simfilename_ch2
20
15 simfilename_ch3
21
15 simfilename_ch4
22
15 simfilename_ch5
23
15 simfilename_ch6
24
15 simfilename_ch7
25
15 simfilename_ch8
26
15 simfilename_ch9
103
4 clrn
74
9 XOnChecks
73
11 MsgOnChecks
72
3 XOn
57
6 arshft
37
9 device_id
134
9 tipd_clrn
85
12 tpd_cin_cout
12
27 is_this_first_or_second_adc
46
14 max_valid_addr
16
21 reference_voltage_sim
13
21 analog_input_pin_mask
140
5 aload
64
2 se
126
28 thold_ena_clk_noedge_posedge
58
5 drdin
118
14 x_on_violation
97
6 behave
82
14 tpd_datab_cout
141
5 sload
71
5 MsgOn
115
12 vital_dffeas
79
17 tpd_datad_combout
5
8 tsclkdiv
113
63 /home/tohka/intelFPGA_lite/23.1std/questa_fse/intel/vhdl/altera
34
3 soc
4
6 clkdiv
84
14 tpd_datad_cout
14
13 reserve_block
11
31 device_partname_fivechar_prefix
47
18 min_ufm_valid_addr
62
5 xe_ye
81
14 tpd_dataa_cout
40
9 part_name
112
8 tipd_ena
49
20 addr_range1_end_addr
35
4 tsen
132
9 tipd_sclr
6
8 tsclksel
102
8 tipd_clk
53
18 addr_range3_offset
92
8 bus_hold
129
19 tpd_aload_q_posedge
83
14 tpd_datac_cout
68
14 sum_lutc_input
133
10 tipd_sload
146
19 fiftyfivenm_io_obuf
116
8 power_up
109
16 tpd_inclk_outclk
91
19 fiftyfivenm_io_ibuf
100
17 tpd_clk_q_posedge
8
6 refsel
27
16 simfilename_ch10
28
16 simfilename_ch11
29
16 simfilename_ch12
30
16 simfilename_ch13
2
20 fiftyfivenm_adcblock
32
16 simfilename_ch15
33
16 simfilename_ch16
111
14 tipd_clkselect
55
5 arclk
96
19 fiftyfivenm_ena_reg
127
18 tpd_clrn_q_negedge
31
16 simfilename_ch14
90
8 tipd_cin
42
12 is_eram_skip
95
17 differential_mode
124
29 thold_sclr_clk_noedge_posedge
101
6 tipd_d
80
15 tpd_cin_combout
76
17 tpd_dataa_combout
36
16 fiftyfivenm_unvm
139
4 sclr
122
29 tsetup_ena_clk_noedge_posedge
114
6 dffeas
66
16 vital_lcell_comb
]
[G
1
65
66
6
89
0
0
0
0
16 1
0
0
0
]
[G
1
65
66
7
89
0
0
0
0
16 1
0
0
0
]
[G
1
65
66
6
81
0
0
0
0
16 1
0
0
0
]
[G
1
65
66
7
81
0
0
0
0
16 1
0
0
0
]
[G
1
65
66
8
81
0
0
0
0
16 1
0
0
0
]
[G
1
65
66
13
87
0
0
0
0
16 1
0
0
0
]
[G
1
65
66
13
88
0
0
0
0
16 1
0
0
0
]
[G
113
114
115
1
72
0
0
0
0
0 0
0
0
]
[G
113
114
115
3
72
0
0
0
0
0 0
0
0
]
[G
1
65
66
1
76
0
0
0
0
16 1
0
0
0
]
[G
1
65
66
2
76
0
0
0
0
16 1
0
0
0
]
[G
1
65
66
3
76
0
0
0
0
16 1
0
0
0
]
[G
1
65
66
4
76
0
0
0
0
16 1
0
0
0
]
[G
1
65
66
5
76
0
0
0
0
16 1
0
0
0
]
[G
1
65
66
6
76
0
0
0
0
16 1
0
0
0
]
[G
1
65
66
7
76
0
0
0
0
16 1
0
0
0
]
[G
1
65
66
8
76
0
0
0
0
16 1
0
0
0
]
[G
1
65
66
9
76
0
0
0
0
16 1
0
0
0
]
[G
1
65
66
10
76
0
0
0
0
16 1
0
0
0
]
[G
1
65
66
11
76
0
0
0
0
16 1
0
0
0
]
[G
1
65
66
4
72
0
0
0
0
0 0
0
0
]
[G
1
65
66
5
72
0
0
0
0
0 0
0
0
]
[G
1
65
66
14
76
0
0
0
0
16 1
0
0
0
]
[G
1
65
66
15
76
0
0
0
0
16 1
0
0
0
]
[G
1
65
66
8
72
0
0
0
0
0 0
0
0
]
[G
113
114
115
1
127
0
0
0
0
16 1
0
0
0
]
[G
1
65
66
10
72
0
0
0
0
0 0
0
0
]
[G
1
65
66
11
72
0
0
0
0
0 0
0
0
]
[G
1
65
66
12
72
0
0
0
0
0 0
0
0
]
[G
1
65
66
13
72
0
0
0
0
0 0
0
0
]
[G
1
65
66
14
72
0
0
0
0
0 0
0
0
]
[G
1
65
66
15
72
0
0
0
0
0 0
0
0
]
[G
113
114
115
3
136
0
0
0
0
16 1
0
0
0
]
[G
1
105
106
1
72
0
0
0
0
0 0
0
0
]
[G
1
65
66
2
72
0
0
0
0
0 0
0
0
]
[G
1
65
66
3
72
0
0
0
0
0 0
0
0
]
[G
1
65
66
12
76
0
0
0
0
16 1
0
0
0
]
[G
1
65
66
13
76
0
0
0
0
16 1
0
0
0
]
[G
1
65
66
6
72
0
0
0
0
0 0
0
0
]
[G
1
65
66
13
89
0
0
0
0
16 1
0
0
0
]
[G
1
65
66
3
82
0
0
0
0
16 1
0
0
0
]
[G
1
65
66
4
82
0
0
0
0
16 1
0
0
0
]
[G
1
65
66
5
82
0
0
0
0
16 1
0
0
0
]
[G
1
65
66
6
82
0
0
0
0
16 1
0
0
0
]
[G
1
91
3
1
93
0
0
0
0
1 1
122
1
1
1 1 1 1
]
[G
1
65
66
8
82
0
0
0
0
16 1
0
0
0
]
[G
1
65
66
9
82
0
0
0
0
16 1
0
0
0
]
[G
1
65
66
10
82
0
0
0
0
16 1
0
0
0
]
[G
113
114
115
1
99
0
0
0
0
8 1
0
0
0
]
[G
1
65
66
12
82
0
0
0
0
16 1
0
0
0
]
[G
1
65
66
13
82
0
0
0
0
16 1
0
0
0
]
[G
1
65
66
14
82
0
0
0
0
16 1
0
0
0
]
[G
1
65
66
15
82
0
0
0
0
16 1
0
0
0
]
[G
1
65
66
9
81
0
0
0
0
16 1
0
0
0
]
[G
1
65
66
1
82
0
0
0
0
16 1
0
0
0
]
[G
1
65
66
2
82
0
0
0
0
16 1
0
0
0
]
[G
1
36
3
1
50
0
0
-1
0
0 0
0
0
]
[G
1
65
66
9
72
0
0
0
0
0 0
0
0
]
[G
113
114
115
3
127
0
0
0
0
16 1
0
0
0
]
[G
1
65
66
7
82
0
0
0
0
16 1
0
0
0
]
[G
1
65
66
6
87
0
0
0
0
16 1
0
0
0
]
[G
1
65
66
11
82
0
0
0
0
16 1
0
0
0
]
[G
1
65
66
1
72
0
0
0
0
0 0
0
0
]
[G
1
65
66
7
72
0
0
0
0
0 0
0
0
]
[G
1
36
3
1
42
0
0
0
0
5 0
102
97
108
115
101
1
1
1 5 1 1
]
[G
113
114
115
3
99
0
0
0
0
8 1
0
0
0
]
[G
1
2
3
1
13
0
0
0
0
0 0
0
0
]
[G
1
2
3
2
13
0
0
0
0
0 0
0
0
]
[G
113
114
115
3
123
0
0
0
0
8 1
0
0
0
]
[G
1
2
3
1
9
0
0
1
0
0 0
0
0
]
[G
1
2
3
2
9
0
0
1
0
0 0
0
0
]
[G
1
36
3
1
41
0
0
0
0
5 0
102
97
108
115
101
1
1
1 5 1 1
]
[G
1
105
106
1
110
0
0
0
0
64 1
0
0
0
]
[G
1
65
66
1
78
0
0
0
0
16 1
0
0
0
]
[G
1
65
66
2
78
0
0
0
0
16 1
0
0
0
]
[G
1
65
66
3
78
0
0
0
0
16 1
0
0
0
]
[G
1
65
66
4
78
0
0
0
0
16 1
0
0
0
]
[G
1
65
66
5
78
0
0
0
0
16 1
0
0
0
]
[G
1
65
66
6
78
0
0
0
0
16 1
0
0
0
]
[G
1
65
66
7
78
0
0
0
0
16 1
0
0
0
]
[G
1
65
66
8
78
0
0
0
0
16 1
0
0
0
]
[G
1
65
66
9
78
0
0
0
0
16 1
0
0
0
]
[G
1
65
66
10
78
0
0
0
0
16 1
0
0
0
]
[G
1
65
66
11
78
0
0
0
0
16 1
0
0
0
]
[G
1
65
66
12
78
0
0
0
0
16 1
0
0
0
]
[G
1
65
66
13
78
0
0
0
0
16 1
0
0
0
]
[G
1
65
66
14
78
0
0
0
0
16 1
0
0
0
]
[G
1
65
66
15
78
0
0
0
0
16 1
0
0
0
]
[G
113
114
115
1
116
0
0
0
0
3 0
108
111
119
1
1
1 3 1 1
]
[G
113
114
115
3
116
0
0
0
0
3 0
108
111
119
1
1
1 3 1 1
]
[G
1
2
3
1
17
0
0
0
0
15 0
115
105
109
102
105
108
101
110
97
109
101
95
99
104
48
1
1
1 15 1 1
]
[G
1
2
3
2
17
0
0
0
0
15 0
115
105
109
102
105
108
101
110
97
109
101
95
99
104
48
1
1
1 15 1 1
]
[G
1
2
3
2
18
0
0
0
0
15 0
115
105
109
102
105
108
101
110
97
109
101
95
99
104
49
1
1
1 15 1 1
]
[G
1
2
3
2
19
0
0
0
0
15 0
115
105
109
102
105
108
101
110
97
109
101
95
99
104
50
1
1
1 15 1 1
]
[G
1
2
3
2
20
0
0
0
0
15 0
115
105
109
102
105
108
101
110
97
109
101
95
99
104
51
1
1
1 15 1 1
]
[G
1
2
3
2
21
0
0
0
0
15 0
115
105
109
102
105
108
101
110
97
109
101
95
99
104
52
1
1
1 15 1 1
]
[G
1
2
3
2
22
0
0
0
0
15 0
115
105
109
102
105
108
101
110
97
109
101
95
99
104
53
1
1
1 15 1 1
]
[G
1
2
3
2
23
0
0
0
0
15 0
115
105
109
102
105
108
101
110
97
109
101
95
99
104
54
1
1
1 15 1 1
]
[G
1
91
3
1
95
0
0
0
0
5 0
102
97
108
115
101
1
1
1 5 1 1
]
[G
1
2
3
2
25
0
0
0
0
15 0
115
105
109
102
105
108
101
110
97
109
101
95
99
104
56
1
1
1 15 1 1
]
[G
1
2
3
2
26
0
0
0
0
15 0
115
105
109
102
105
108
101
110
97
109
101
95
99
104
57
1
1
1 15 1 1
]
[G
1
2
3
1
18
0
0
0
0
15 0
115
105
109
102
105
108
101
110
97
109
101
95
99
104
49
1
1
1 15 1 1
]
[G
1
2
3
1
19
0
0
0
0
15 0
115
105
109
102
105
108
101
110
97
109
101
95
99
104
50
1
1
1 15 1 1
]
[G
1
2
3
1
20
0
0
0
0
15 0
115
105
109
102
105
108
101
110
97
109
101
95
99
104
51
1
1
1 15 1 1
]
[G
1
2
3
1
21
0
0
0
0
15 0
115
105
109
102
105
108
101
110
97
109
101
95
99
104
52
1
1
1 15 1 1
]
[G
1
2
3
1
22
0
0
0
0
15 0
115
105
109
102
105
108
101
110
97
109
101
95
99
104
53
1
1
1 15 1 1
]
[G
1
2
3
1
23
0
0
0
0
15 0
115
105
109
102
105
108
101
110
97
109
101
95
99
104
54
1
1
1 15 1 1
]
[G
1
2
3
1
24
0
0
0
0
15 0
115
105
109
102
105
108
101
110
97
109
101
95
99
104
55
1
1
1 15 1 1
]
[G
1
2
3
2
24
0
0
0
0
15 0
115
105
109
102
105
108
101
110
97
109
101
95
99
104
55
1
1
1 15 1 1
]
[G
1
2
3
1
26
0
0
0
0
15 0
115
105
109
102
105
108
101
110
97
109
101
95
99
104
57
1
1
1 15 1 1
]
[G
1
2
3
1
25
0
0
0
0
15 0
115
105
109
102
105
108
101
110
97
109
101
95
99
104
56
1
1
1 15 1 1
]
[G
1
36
3
1
45
0
0
-1
0
0 0
0
0
]
[G
113
114
115
1
69
0
0
0
0
5 0
102
97
108
115
101
1
1
1 5 1 1
]
[G
113
114
115
3
69
0
0
0
0
5 0
102
97
108
115
101
1
1
1 5 1 1
]
[G
1
65
66
1
69
0
0
0
0
3 0
111
102
102
1
1
1 3 1 1
]
[G
1
2
3
1
8
0
0
0
0
0 0
0
0
]
[G
1
2
3
2
8
0
0
0
0
0 0
0
0
]
[G
1
65
66
4
69
0
0
0
0
3 0
111
102
102
1
1
1 3 1 1
]
[G
1
65
66
5
69
0
0
0
0
3 0
111
102
102
1
1
1 3 1 1
]
[G
1
65
66
6
69
0
0
0
0
3 0
111
102
102
1
1
1 3 1 1
]
[G
1
65
66
7
69
0
0
0
0
3 0
111
102
102
1
1
1 3 1 1
]
[G
1
65
66
8
69
0
0
0
0
3 0
111
102
102
1
1
1 3 1 1
]
[G
1
65
66
9
69
0
0
0
0
3 0
111
102
102
1
1
1 3 1 1
]
[G
1
65
66
10
69
0
0
0
0
3 0
111
102
102
1
1
1 3 1 1
]
[G
1
65
66
11
69
0
0
0
0
3 0
111
102
102
1
1
1 3 1 1
]
[G
1
65
66
12
69
0
0
0
0
3 0
111
102
102
1
1
1 3 1 1
]
[G
1
65
66
13
69
0
0
0
0
3 0
111
102
102
1
1
1 3 1 1
]
[G
1
65
66
14
69
0
0
0
0
3 0
111
102
102
1
1
1 3 1 1
]
[G
1
65
66
15
69
0
0
0
0
3 0
111
102
102
1
1
1 3 1 1
]
[G
1
65
66
2
69
0
0
0
0
3 0
111
102
102
1
1
1 3 1 1
]
[G
1
65
66
3
69
0
0
0
0
3 0
111
102
102
1
1
1 3 1 1
]
[G
1
105
106
1
109
0
0
0
0
64 1
0
0
0
]
[G
113
114
115
1
122
0
0
0
0
8 1
0
0
0
]
[G
1
2
3
2
5
0
0
1
0
0 0
0
0
]
[G
113
114
115
3
122
0
0
0
0
8 1
0
0
0
]
[G
1
91
3
1
92
0
0
0
0
5 0
102
97
108
115
101
1
1
1 5 1 1
]
[G
1
2
3
1
5
0
0
1
0
0 0
0
0
]
[G
113
114
115
1
126
0
0
0
0
8 1
0
0
0
]
[G
113
114
115
3
126
0
0
0
0
8 1
0
0
0
]
[G
113
114
115
1
129
0
0
0
0
16 1
0
0
0
]
[G
1
36
3
1
14
0
0
0
0
4 0
116
114
117
101
1
1
1 4 1 1
]
[G
113
114
115
3
129
0
0
0
0
16 1
0
0
0
]
[G
1
36
3
1
53
0
0
-1
0
0 0
0
0
]
[G
1
96
97
1
74
0
0
1
0
0 0
0
0
]
[G
1
36
3
1
37
0
0
0
0
2 0
48
50
1
1
1 2 1 1
]
[G
1
2
3
1
16
0
0
65536
0
0 0
0
0
]
[G
113
114
115
1
73
0
0
1
0
0 0
0
0
]
[G
113
114
115
3
71
0
0
0
0
0 0
0
0
]
[G
1
96
97
1
100
0
0
0
0
16 1
0
0
0
]
[G
1
65
66
1
71
0
0
0
0
0 0
0
0
]
[G
1
65
66
2
71
0
0
0
0
0 0
0
0
]
[G
1
65
66
3
71
0
0
0
0
0 0
0
0
]
[G
1
65
66
4
71
0
0
0
0
0 0
0
0
]
[G
1
65
66
5
71
0
0
0
0
0 0
0
0
]
[G
1
65
66
6
71
0
0
0
0
0 0
0
0
]
[G
113
114
115
1
71
0
0
0
0
0 0
0
0
]
[G
1
65
66
8
71
0
0
0
0
0 0
0
0
]
[G
1
65
66
9
71
0
0
0
0
0 0
0
0
]
[G
1
65
66
10
71
0
0
0
0
0 0
0
0
]
[G
1
65
66
11
71
0
0
0
0
0 0
0
0
]
[G
1
65
66
12
71
0
0
0
0
0 0
0
0
]
[G
1
65
66
13
71
0
0
0
0
0 0
0
0
]
[G
1
65
66
14
71
0
0
0
0
0 0
0
0
]
[G
1
65
66
15
71
0
0
0
0
0 0
0
0
]
[G
1
105
106
1
71
0
0
0
0
0 0
0
0
]
[G
1
65
66
2
73
0
0
1
0
0 0
0
0
]
[G
1
96
97
1
101
0
0
0
0
16 1
0
0
0
]
[G
1
65
66
4
73
0
0
1
0
0 0
0
0
]
[G
1
65
66
5
73
0
0
1
0
0 0
0
0
]
[G
1
65
66
6
73
0
0
1
0
0 0
0
0
]
[G
1
2
3
2
16
0
0
65536
0
0 0
0
0
]
[G
1
65
66
8
73
0
0
1
0
0 0
0
0
]
[G
1
65
66
9
73
0
0
1
0
0 0
0
0
]
[G
1
65
66
10
73
0
0
1
0
0 0
0
0
]
[G
1
65
66
11
73
0
0
1
0
0 0
0
0
]
[G
1
65
66
4
83
0
0
0
0
16 1
0
0
0
]
[G
1
65
66
5
83
0
0
0
0
16 1
0
0
0
]
[G
1
65
66
14
73
0
0
1
0
0 0
0
0
]
[G
1
65
66
15
73
0
0
1
0
0 0
0
0
]
[G
1
65
66
8
83
0
0
0
0
16 1
0
0
0
]
[G
1
65
66
9
83
0
0
0
0
16 1
0
0
0
]
[G
1
65
66
10
83
0
0
0
0
16 1
0
0
0
]
[G
1
65
66
11
83
0
0
0
0
16 1
0
0
0
]
[G
1
65
66
12
83
0
0
0
0
16 1
0
0
0
]
[G
1
65
66
13
83
0
0
0
0
16 1
0
0
0
]
[G
1
65
66
14
83
0
0
0
0
16 1
0
0
0
]
[G
1
65
66
15
83
0
0
0
0
16 1
0
0
0
]
[G
1
65
66
7
71
0
0
0
0
0 0
0
0
]
[G
1
65
66
1
83
0
0
0
0
16 1
0
0
0
]
[G
1
65
66
2
83
0
0
0
0
16 1
0
0
0
]
[G
1
65
66
3
83
0
0
0
0
16 1
0
0
0
]
[G
1
65
66
12
73
0
0
1
0
0 0
0
0
]
[G
1
65
66
13
73
0
0
1
0
0 0
0
0
]
[G
1
65
66
6
83
0
0
0
0
16 1
0
0
0
]
[G
1
65
66
7
83
0
0
0
0
16 1
0
0
0
]
[G
1
105
106
1
73
0
0
1
0
0 0
0
0
]
[G
1
65
66
3
73
0
0
1
0
0 0
0
0
]
[G
1
65
66
7
73
0
0
1
0
0 0
0
0
]
[G
113
114
115
3
73
0
0
1
0
0 0
0
0
]
[G
1
65
66
1
73
0
0
1
0
0 0
0
0
]
[G
1
36
3
1
51
0
0
-1
0
0 0
0
0
]
[G
1
36
3
1
52
0
0
-1
0
0 0
0
0
]
[G
1
36
3
1
43
0
0
0
0
5 0
102
97
108
115
101
1
1
1 5 1 1
]
[G
1
65
66
1
84
0
0
0
0
16 1
0
0
0
]
[G
1
65
66
2
84
0
0
0
0
16 1
0
0
0
]
[G
1
65
66
3
84
0
0
0
0
16 1
0
0
0
]
[G
1
65
66
4
84
0
0
0
0
16 1
0
0
0
]
[G
1
65
66
5
84
0
0
0
0
16 1
0
0
0
]
[G
1
65
66
6
84
0
0
0
0
16 1
0
0
0
]
[G
1
65
66
7
84
0
0
0
0
16 1
0
0
0
]
[G
1
65
66
8
84
0
0
0
0
16 1
0
0
0
]
[G
1
65
66
9
84
0
0
0
0
16 1
0
0
0
]
[G
1
65
66
10
84
0
0
0
0
16 1
0
0
0
]
[G
1
65
66
11
84
0
0
0
0
16 1
0
0
0
]
[G
1
65
66
12
84
0
0
0
0
16 1
0
0
0
]
[G
1
65
66
13
84
0
0
0
0
16 1
0
0
0
]
[G
1
65
66
14
84
0
0
0
0
16 1
0
0
0
]
[G
1
65
66
15
84
0
0
0
0
16 1
0
0
0
]
[G
1
65
66
2
85
0
0
0
0
16 1
0
0
0
]
[G
1
65
66
3
85
0
0
0
0
16 1
0
0
0
]
[G
1
65
66
4
85
0
0
0
0
16 1
0
0
0
]
[G
1
65
66
5
85
0
0
0
0
16 1
0
0
0
]
[G
1
65
66
6
85
0
0
0
0
16 1
0
0
0
]
[G
1
65
66
7
85
0
0
0
0
16 1
0
0
0
]
[G
1
65
66
8
85
0
0
0
0
16 1
0
0
0
]
[G
1
65
66
9
85
0
0
0
0
16 1
0
0
0
]
[G
1
65
66
10
85
0
0
0
0
16 1
0
0
0
]
[G
1
65
66
11
85
0
0
0
0
16 1
0
0
0
]
[G
1
65
66
12
85
0
0
0
0
16 1
0
0
0
]
[G
1
65
66
13
85
0
0
0
0
16 1
0
0
0
]
[G
1
65
66
14
85
0
0
0
0
16 1
0
0
0
]
[G
1
65
66
15
85
0
0
0
0
16 1
0
0
0
]
[G
1
65
66
1
85
0
0
0
0
16 1
0
0
0
]
[G
1
96
97
1
102
0
0
0
0
16 1
0
0
0
]
[G
1
36
3
1
49
0
0
-1
0
0 0
0
0
]
[G
1
96
97
1
75
0
0
0
0
1 1
42
1
1
1 1 1 1
]
[G
1
146
3
1
92
0
0
0
0
5 0
102
97
108
115
101
1
1
1 5 1 1
]
[G
1
65
66
1
67
0
0
0
0
16 1
2
0
0
]
[G
1
65
66
2
67
0
0
0
0
16 0
2
2
2
2
2
2
2
2
2
2
2
2
2
2
2
3
0
0
]
[G
113
114
115
1
132
0
0
0
0
16 1
0
0
0
]
[G
1
65
66
4
67
0
0
0
0
16 0
2
3
2
3
3
2
3
2
2
3
2
3
3
3
3
3
0
0
]
[G
1
65
66
5
67
0
0
0
0
16 0
3
3
2
2
2
2
3
3
2
2
2
2
3
3
2
2
0
0
]
[G
1
65
66
6
67
0
0
0
0
16 0
2
3
2
3
3
3
3
3
2
2
2
2
2
2
2
2
0
0
]
[G
1
65
66
7
67
0
0
0
0
16 8
2
3
2
3
3
2
3
2
0
0
]
[G
1
65
66
8
67
0
0
0
0
16 0
2
2
2
2
2
2
2
3
2
2
2
2
2
2
2
2
0
0
]
[G
1
65
66
9
67
0
0
0
0
16 0
3
2
3
2
2
2
2
2
2
2
2
2
2
2
2
2
0
0
]
[G
1
65
66
10
67
0
0
0
0
16 0
2
2
3
3
2
2
3
3
3
3
2
2
3
3
2
2
0
0
]
[G
1
65
66
11
67
0
0
0
0
16 0
2
3
2
3
2
2
2
2
3
3
3
3
2
2
2
2
0
0
]
[G
1
65
66
12
67
0
0
0
0
16 0
3
2
3
2
2
3
2
3
2
2
2
2
3
2
3
2
0
0
]
[G
1
65
66
13
67
0
0
0
0
16 0
2
2
3
3
3
3
2
2
2
2
3
3
3
3
3
3
0
0
]
[G
1
65
66
14
67
0
0
0
0
16 0
2
3
3
3
2
2
2
3
3
3
3
3
2
2
2
2
0
0
]
[G
1
65
66
15
67
0
0
0
0
16 0
2
2
3
3
3
3
3
3
3
2
3
2
3
3
3
3
0
0
]
[G
1
65
66
3
67
0
0
0
0
16 0
3
2
2
2
2
2
2
2
2
2
2
2
2
2
2
2
0
0
]
[G
113
114
115
3
132
0
0
0
0
16 1
0
0
0
]
[G
113
114
115
1
120
0
0
0
0
8 1
0
0
0
]
[G
113
114
115
3
120
0
0
0
0
8 1
0
0
0
]
[G
113
114
115
1
133
0
0
0
0
16 1
0
0
0
]
[G
113
114
115
3
133
0
0
0
0
16 1
0
0
0
]
[G
1
96
97
1
98
0
0
0
0
8 1
0
0
0
]
[G
1
91
3
1
94
0
0
0
0
5 0
102
97
108
115
101
1
1
1 5 1 1
]
[G
1
2
3
1
6
0
0
0
0
0 0
0
0
]
[G
1
2
3
2
6
0
0
0
0
0 0
0
0
]
[G
113
114
115
1
118
0
0
0
0
2 0
111
110
1
1
1 2 1 1
]
[G
113
114
115
3
118
0
0
0
0
2 0
111
110
1
1
1 2 1 1
]
[G
113
114
115
1
119
0
0
0
0
8 1
0
0
0
]
[G
113
114
115
3
119
0
0
0
0
8 1
0
0
0
]
[G
1
96
97
1
72
0
0
0
0
0 0
0
0
]
[G
1
36
3
1
48
0
0
-1
0
0 0
0
0
]
[G
1
65
66
1
77
0
0
0
0
16 1
0
0
0
]
[G
1
65
66
2
77
0
0
0
0
16 1
0
0
0
]
[G
1
65
66
3
77
0
0
0
0
16 1
0
0
0
]
[G
1
65
66
4
77
0
0
0
0
16 1
0
0
0
]
[G
1
65
66
5
77
0
0
0
0
16 1
0
0
0
]
[G
1
65
66
6
77
0
0
0
0
16 1
0
0
0
]
[G
1
65
66
7
77
0
0
0
0
16 1
0
0
0
]
[G
1
65
66
8
77
0
0
0
0
16 1
0
0
0
]
[G
1
65
66
9
77
0
0
0
0
16 1
0
0
0
]
[G
1
65
66
10
77
0
0
0
0
16 1
0
0
0
]
[G
1
65
66
11
77
0
0
0
0
16 1
0
0
0
]
[G
1
65
66
12
77
0
0
0
0
16 1
0
0
0
]
[G
1
65
66
13
77
0
0
0
0
16 1
0
0
0
]
[G
1
65
66
14
77
0
0
0
0
16 1
0
0
0
]
[G
1
65
66
15
77
0
0
0
0
16 1
0
0
0
]
[G
1
36
3
1
46
0
0
-1
0
0 0
0
0
]
[G
113
114
115
1
128
0
0
0
0
16 1
0
0
0
]
[G
113
114
115
3
128
0
0
0
0
16 1
0
0
0
]
[G
1
96
97
1
99
0
0
0
0
8 1
0
0
0
]
[G
1
2
3
1
4
0
0
1
0
0 0
0
0
]
[G
1
2
3
2
4
0
0
1
0
0 0
0
0
]
[G
1
65
66
1
80
0
0
0
0
16 1
0
0
0
]
[G
1
65
66
2
80
0
0
0
0
16 1
0
0
0
]
[G
1
65
66
3
80
0
0
0
0
16 1
0
0
0
]
[G
1
65
66
4
80
0
0
0
0
16 1
0
0
0
]
[G
1
65
66
5
80
0
0
0
0
16 1
0
0
0
]
[G
1
65
66
6
80
0
0
0
0
16 1
0
0
0
]
[G
113
114
115
1
131
0
0
0
0
16 1
0
0
0
]
[G
1
65
66
8
80
0
0
0
0
16 1
0
0
0
]
[G
1
65
66
9
80
0
0
0
0
16 1
0
0
0
]
[G
1
65
66
10
80
0
0
0
0
16 1
0
0
0
]
[G
1
65
66
11
80
0
0
0
0
16 1
0
0
0
]
[G
1
65
66
12
80
0
0
0
0
16 1
0
0
0
]
[G
1
65
66
13
80
0
0
0
0
16 1
0
0
0
]
[G
1
65
66
14
80
0
0
0
0
16 1
0
0
0
]
[G
1
65
66
15
80
0
0
0
0
16 1
0
0
0
]
[G
113
114
115
3
112
0
0
0
0
16 1
0
0
0
]
[G
1
65
66
7
80
0
0
0
0
16 1
0
0
0
]
[G
113
114
115
3
131
0
0
0
0
16 1
0
0
0
]
[G
113
114
115
1
112
0
0
0
0
16 1
0
0
0
]
[G
1
105
106
1
112
0
0
0
0
16 1
0
0
0
]
[G
1
36
3
1
44
0
0
0
0
5 0
100
117
109
109
121
1
1
1 5 1 1
]
[G
113
114
115
1
124
0
0
0
0
8 1
0
0
0
]
[G
113
114
115
3
124
0
0
0
0
8 1
0
0
0
]
[G
1
2
3
1
27
0
0
0
0
16 0
115
105
109
102
105
108
101
110
97
109
101
95
99
104
49
48
1
1
1 16 1 1
]
[G
1
2
3
2
27
0
0
0
0
16 0
115
105
109
102
105
108
101
110
97
109
101
95
99
104
49
48
1
1
1 16 1 1
]
[G
1
2
3
2
28
0
0
0
0
16 0
115
105
109
102
105
108
101
110
97
109
101
95
99
104
49
49
1
1
1 16 1 1
]
[G
1
2
3
2
29
0
0
0
0
16 0
115
105
109
102
105
108
101
110
97
109
101
95
99
104
49
50
1
1
1 16 1 1
]
[G
1
2
3
2
30
0
0
0
0
16 0
115
105
109
102
105
108
101
110
97
109
101
95
99
104
49
51
1
1
1 16 1 1
]
[G
1
2
3
2
31
0
0
0
0
16 0
115
105
109
102
105
108
101
110
97
109
101
95
99
104
49
52
1
1
1 16 1 1
]
[G
1
2
3
2
32
0
0
0
0
16 0
115
105
109
102
105
108
101
110
97
109
101
95
99
104
49
53
1
1
1 16 1 1
]
[G
1
2
3
2
33
0
0
0
0
16 0
115
105
109
102
105
108
101
110
97
109
101
95
99
104
49
54
1
1
1 16 1 1
]
[G
1
36
3
1
39
0
0
0
0
5 0
100
117
109
109
121
1
1
1 5 1 1
]
[G
1
2
3
1
28
0
0
0
0
16 0
115
105
109
102
105
108
101
110
97
109
101
95
99
104
49
49
1
1
1 16 1 1
]
[G
1
2
3
1
29
0
0
0
0
16 0
115
105
109
102
105
108
101
110
97
109
101
95
99
104
49
50
1
1
1 16 1 1
]
[G
1
2
3
1
30
0
0
0
0
16 0
115
105
109
102
105
108
101
110
97
109
101
95
99
104
49
51
1
1
1 16 1 1
]
[G
1
2
3
1
31
0
0
0
0
16 0
115
105
109
102
105
108
101
110
97
109
101
95
99
104
49
52
1
1
1 16 1 1
]
[G
1
2
3
1
32
0
0
0
0
16 0
115
105
109
102
105
108
101
110
97
109
101
95
99
104
49
53
1
1
1 16 1 1
]
[G
1
2
3
1
33
0
0
0
0
16 0
115
105
109
102
105
108
101
110
97
109
101
95
99
104
49
54
1
1
1 16 1 1
]
[G
1
2
3
1
11
0
0
0
0
4 0
110
111
110
101
1
1
1 4 1 1
]
[G
1
2
3
2
11
0
0
0
0
4 0
110
111
110
101
1
1
1 4 1 1
]
[G
1
65
66
1
90
0
0
0
0
16 1
0
0
0
]
[G
1
65
66
2
90
0
0
0
0
16 1
0
0
0
]
[G
1
65
66
2
79
0
0
0
0
16 1
0
0
0
]
[G
1
65
66
4
90
0
0
0
0
16 1
0
0
0
]
[G
1
65
66
4
79
0
0
0
0
16 1
0
0
0
]
[G
1
65
66
5
79
0
0
0
0
16 1
0
0
0
]
[G
1
65
66
7
90
0
0
0
0
16 1
0
0
0
]
[G
1
65
66
8
90
0
0
0
0
16 1
0
0
0
]
[G
1
65
66
9
90
0
0
0
0
16 1
0
0
0
]
[G
1
65
66
10
90
0
0
0
0
16 1
0
0
0
]
[G
1
65
66
10
79
0
0
0
0
16 1
0
0
0
]
[G
1
65
66
11
79
0
0
0
0
16 1
0
0
0
]
[G
1
65
66
12
79
0
0
0
0
16 1
0
0
0
]
[G
1
65
66
13
79
0
0
0
0
16 1
0
0
0
]
[G
1
65
66
14
79
0
0
0
0
16 1
0
0
0
]
[G
1
65
66
15
79
0
0
0
0
16 1
0
0
0
]
[G
1
65
66
1
79
0
0
0
0
16 1
0
0
0
]
[G
1
65
66
3
90
0
0
0
0
16 1
0
0
0
]
[G
1
65
66
3
79
0
0
0
0
16 1
0
0
0
]
[G
1
65
66
5
90
0
0
0
0
16 1
0
0
0
]
[G
1
65
66
6
90
0
0
0
0
16 1
0
0
0
]
[G
1
65
66
6
79
0
0
0
0
16 1
0
0
0
]
[G
1
105
106
1
108
0
0
0
0
4 0
110
111
110
101
1
1
1 4 1 1
]
[G
1
65
66
8
79
0
0
0
0
16 1
0
0
0
]
[G
1
65
66
9
79
0
0
0
0
16 1
0
0
0
]
[G
1
65
66
11
90
0
0
0
0
16 1
0
0
0
]
[G
1
65
66
12
90
0
0
0
0
16 1
0
0
0
]
[G
1
65
66
13
90
0
0
0
0
16 1
0
0
0
]
[G
1
65
66
14
90
0
0
0
0
16 1
0
0
0
]
[G
1
65
66
15
90
0
0
0
0
16 1
0
0
0
]
[G
1
2
3
1
7
0
0
0
0
0 0
0
0
]
[G
1
2
3
2
7
0
0
0
0
0 0
0
0
]
[G
1
65
66
7
79
0
0
0
0
16 1
0
0
0
]
[G
1
105
106
1
107
0
0
0
0
12 0
103
108
111
98
97
108
32
99
108
111
99
107
1
1
1 12 1 1
]
[G
113
114
115
1
125
0
0
0
0
8 1
0
0
0
]
[G
113
114
115
3
125
0
0
0
0
8 1
0
0
0
]
[G
1
146
3
1
147
0
0
0
0
5 0
102
97
108
115
101
1
1
1 5 1 1
]
[G
113
114
115
1
74
0
0
1
0
0 0
0
0
]
[G
113
114
115
3
74
0
0
1
0
0 0
0
0
]
[G
1
65
66
1
74
0
0
1
0
0 0
0
0
]
[G
1
65
66
2
74
0
0
1
0
0 0
0
0
]
[G
1
65
66
3
74
0
0
1
0
0 0
0
0
]
[G
1
65
66
4
74
0
0
1
0
0 0
0
0
]
[G
1
65
66
5
74
0
0
1
0
0 0
0
0
]
[G
1
65
66
6
74
0
0
1
0
0 0
0
0
]
[G
1
65
66
7
74
0
0
1
0
0 0
0
0
]
[G
1
65
66
8
74
0
0
1
0
0 0
0
0
]
[G
1
65
66
9
74
0
0
1
0
0 0
0
0
]
[G
1
65
66
10
74
0
0
1
0
0 0
0
0
]
[G
1
65
66
11
74
0
0
1
0
0 0
0
0
]
[G
1
65
66
12
74
0
0
1
0
0 0
0
0
]
[G
1
65
66
13
74
0
0
1
0
0 0
0
0
]
[G
1
65
66
14
74
0
0
1
0
0 0
0
0
]
[G
1
65
66
15
74
0
0
1
0
0 0
0
0
]
[G
1
105
106
1
74
0
0
1
0
0 0
0
0
]
[G
1
2
3
1
15
0
0
0
0
0 0
0
0
]
[G
1
2
3
2
15
0
0
0
0
0 0
0
0
]
[G
113
114
115
1
130
0
0
0
0
16 1
0
0
0
]
[G
113
114
115
3
130
0
0
0
0
16 1
0
0
0
]
[G
113
114
115
1
100
0
0
0
0
16 1
0
0
0
]
[G
113
114
115
3
100
0
0
0
0
16 1
0
0
0
]
[G
113
114
115
1
101
0
0
0
0
16 1
0
0
0
]
[G
113
114
115
3
101
0
0
0
0
16 1
0
0
0
]
[G
113
114
115
1
134
0
0
0
0
16 1
0
0
0
]
[G
113
114
115
3
134
0
0
0
0
16 1
0
0
0
]
[G
1
2
3
1
10
0
0
66
0
0 0
0
0
]
[G
1
2
3
2
10
0
0
66
0
0 0
0
0
]
[G
1
2
3
1
12
0
0
1
0
0 0
0
0
]
[G
1
2
3
2
12
0
0
2
0
0 0
0
0
]
[G
1
91
3
1
70
0
0
0
0
19 0
102
105
102
116
121
102
105
118
101
110
109
95
105
111
95
105
98
117
102
1
1
1 19 1 1
]
[G
1
96
97
1
71
0
0
0
0
0 0
0
0
]
[G
1
36
3
1
38
0
0
0
0
0 0
1
1
1 0 1 1
]
[G
1
96
97
1
73
0
0
1
0
0 0
0
0
]
[G
1
36
3
1
47
0
0
-1
0
0 0
0
0
]
[G
113
114
115
1
102
0
0
0
0
16 1
0
0
0
]
[G
113
114
115
3
102
0
0
0
0
16 1
0
0
0
]
[G
113
114
115
1
75
0
0
0
0
1 1
42
1
1
1 1 1 1
]
[G
113
114
115
3
75
0
0
0
0
1 1
42
1
1
1 1 1 1
]
[G
1
65
66
1
75
0
0
0
0
1 1
42
1
1
1 1 1 1
]
[G
1
65
66
2
75
0
0
0
0
1 1
42
1
1
1 1 1 1
]
[G
1
65
66
3
75
0
0
0
0
1 1
42
1
1
1 1 1 1
]
[G
1
65
66
4
75
0
0
0
0
1 1
42
1
1
1 1 1 1
]
[G
1
65
66
5
75
0
0
0
0
1 1
42
1
1
1 1 1 1
]
[G
1
65
66
6
75
0
0
0
0
1 1
42
1
1
1 1 1 1
]
[G
1
65
66
7
75
0
0
0
0
1 1
42
1
1
1 1 1 1
]
[G
1
65
66
8
75
0
0
0
0
1 1
42
1
1
1 1 1 1
]
[G
1
65
66
9
75
0
0
0
0
1 1
42
1
1
1 1 1 1
]
[G
1
65
66
10
75
0
0
0
0
1 1
42
1
1
1 1 1 1
]
[G
1
65
66
11
75
0
0
0
0
1 1
42
1
1
1 1 1 1
]
[G
1
65
66
12
75
0
0
0
0
1 1
42
1
1
1 1 1 1
]
[G
1
65
66
13
75
0
0
0
0
1 1
42
1
1
1 1 1 1
]
[G
1
65
66
14
75
0
0
0
0
1 1
42
1
1
1 1 1 1
]
[G
1
65
66
15
75
0
0
0
0
1 1
42
1
1
1 1 1 1
]
[G
1
105
106
1
75
0
0
0
0
1 1
42
1
1
1 1 1 1
]
[G
113
114
115
1
70
0
0
0
0
6 0
68
70
70
69
65
83
1
1
1 6 1 1
]
[G
113
114
115
3
70
0
0
0
0
6 0
68
70
70
69
65
83
1
1
1 6 1 1
]
[G
1
65
66
1
70
0
0
0
0
22 0
102
105
102
116
121
102
105
118
101
110
109
95
108
99
101
108
108
95
99
111
109
98
1
1
1 22 1 1
]
[G
1
65
66
2
70
0
0
0
0
22 0
102
105
102
116
121
102
105
118
101
110
109
95
108
99
101
108
108
95
99
111
109
98
1
1
1 22 1 1
]
[G
1
65
66
3
70
0
0
0
0
22 0
102
105
102
116
121
102
105
118
101
110
109
95
108
99
101
108
108
95
99
111
109
98
1
1
1 22 1 1
]
[G
1
65
66
4
70
0
0
0
0
22 0
102
105
102
116
121
102
105
118
101
110
109
95
108
99
101
108
108
95
99
111
109
98
1
1
1 22 1 1
]
[G
1
65
66
5
70
0
0
0
0
22 0
102
105
102
116
121
102
105
118
101
110
109
95
108
99
101
108
108
95
99
111
109
98
1
1
1 22 1 1
]
[G
1
65
66
6
70
0
0
0
0
22 0
102
105
102
116
121
102
105
118
101
110
109
95
108
99
101
108
108
95
99
111
109
98
1
1
1 22 1 1
]
[G
1
65
66
7
70
0
0
0
0
22 0
102
105
102
116
121
102
105
118
101
110
109
95
108
99
101
108
108
95
99
111
109
98
1
1
1 22 1 1
]
[G
1
65
66
8
70
0
0
0
0
22 0
102
105
102
116
121
102
105
118
101
110
109
95
108
99
101
108
108
95
99
111
109
98
1
1
1 22 1 1
]
[G
1
65
66
9
70
0
0
0
0
22 0
102
105
102
116
121
102
105
118
101
110
109
95
108
99
101
108
108
95
99
111
109
98
1
1
1 22 1 1
]
[G
1
65
66
10
70
0
0
0
0
22 0
102
105
102
116
121
102
105
118
101
110
109
95
108
99
101
108
108
95
99
111
109
98
1
1
1 22 1 1
]
[G
1
65
66
11
70
0
0
0
0
22 0
102
105
102
116
121
102
105
118
101
110
109
95
108
99
101
108
108
95
99
111
109
98
1
1
1 22 1 1
]
[G
1
65
66
12
70
0
0
0
0
22 0
102
105
102
116
121
102
105
118
101
110
109
95
108
99
101
108
108
95
99
111
109
98
1
1
1 22 1 1
]
[G
1
65
66
13
70
0
0
0
0
22 0
102
105
102
116
121
102
105
118
101
110
109
95
108
99
101
108
108
95
99
111
109
98
1
1
1 22 1 1
]
[G
1
65
66
14
70
0
0
0
0
22 0
102
105
102
116
121
102
105
118
101
110
109
95
108
99
101
108
108
95
99
111
109
98
1
1
1 22 1 1
]
[G
1
65
66
15
70
0
0
0
0
22 0
102
105
102
116
121
102
105
118
101
110
109
95
108
99
101
108
108
95
99
111
109
98
1
1
1 22 1 1
]
[G
1
105
106
1
70
0
0
0
0
19 0
102
105
102
116
121
102
105
118
101
110
109
95
99
108
107
99
116
114
108
1
1
1 19 1 1
]
[G
1
2
3
1
14
0
0
0
0
4 0
116
114
117
101
1
1
1 4 1 1
]
[G
1
2
3
2
14
0
0
0
0
4 0
116
114
117
101
1
1
1 4 1 1
]
[G
113
114
115
1
98
0
0
0
0
8 1
0
0
0
]
[G
113
114
115
3
98
0
0
0
0
8 1
0
0
0
]
[G
113
114
115
1
117
0
0
0
0
4 0
116
114
117
101
1
1
1 4 1 1
]
[G
113
114
115
3
117
0
0
0
0
4 0
116
114
117
101
1
1
1 4 1 1
]
[G
1
65
66
1
68
0
0
0
0
5 0
100
97
116
97
99
1
1
1 5 1 1
]
[G
1
65
66
2
68
0
0
0
0
5 0
100
97
116
97
99
1
1
1 5 1 1
]
[G
1
65
66
3
68
0
0
0
0
5 0
100
97
116
97
99
1
1
1 5 1 1
]
[G
1
65
66
4
68
0
0
0
0
3 0
99
105
110
1
1
1 3 1 1
]
[G
1
65
66
5
68
0
0
0
0
3 0
99
105
110
1
1
1 3 1 1
]
[G
1
65
66
6
68
0
0
0
0
5 0
100
97
116
97
99
1
1
1 5 1 1
]
[G
1
65
66
7
68
0
0
0
0
3 0
99
105
110
1
1
1 3 1 1
]
[G
1
65
66
8
68
0
0
0
0
5 0
100
97
116
97
99
1
1
1 5 1 1
]
[G
1
65
66
9
68
0
0
0
0
5 0
100
97
116
97
99
1
1
1 5 1 1
]
[G
1
65
66
10
68
0
0
0
0
5 0
100
97
116
97
99
1
1
1 5 1 1
]
[G
1
65
66
11
68
0
0
0
0
5 0
100
97
116
97
99
1
1
1 5 1 1
]
[G
1
65
66
12
68
0
0
0
0
3 0
99
105
110
1
1
1 3 1 1
]
[G
1
65
66
13
68
0
0
0
0
3 0
99
105
110
1
1
1 3 1 1
]
[G
1
65
66
14
68
0
0
0
0
5 0
100
97
116
97
99
1
1
1 5 1 1
]
[G
1
65
66
15
68
0
0
0
0
5 0
100
97
116
97
99
1
1
1 5 1 1
]
[G
113
114
115
1
135
0
0
0
0
16 1
0
0
0
]
[G
1
65
66
1
86
0
0
0
0
16 1
0
0
0
]
[G
1
65
66
2
86
0
0
0
0
16 1
0
0
0
]
[G
1
65
66
2
87
0
0
0
0
16 1
0
0
0
]
[G
1
65
66
4
86
0
0
0
0
16 1
0
0
0
]
[G
1
65
66
5
86
0
0
0
0
16 1
0
0
0
]
[G
1
65
66
5
87
0
0
0
0
16 1
0
0
0
]
[G
1
65
66
4
89
0
0
0
0
16 1
0
0
0
]
[G
1
65
66
5
89
0
0
0
0
16 1
0
0
0
]
[G
1
65
66
4
81
0
0
0
0
16 1
0
0
0
]
[G
1
65
66
5
81
0
0
0
0
16 1
0
0
0
]
[G
1
65
66
11
86
0
0
0
0
16 1
0
0
0
]
[G
1
65
66
11
87
0
0
0
0
16 1
0
0
0
]
[G
1
65
66
11
88
0
0
0
0
16 1
0
0
0
]
[G
1
65
66
12
88
0
0
0
0
16 1
0
0
0
]
[G
1
65
66
12
89
0
0
0
0
16 1
0
0
0
]
[G
1
65
66
15
87
0
0
0
0
16 1
0
0
0
]
[G
1
36
3
1
40
0
0
0
0
20 0
113
117
97
114
116
117
115
95
99
114
101
97
116
101
100
95
117
110
118
109
1
1
1 20 1 1
]
[G
1
65
66
13
81
0
0
0
0
16 1
0
0
0
]
[G
1
65
66
14
81
0
0
0
0
16 1
0
0
0
]
[G
1
65
66
15
81
0
0
0
0
16 1
0
0
0
]
[G
1
65
66
2
88
0
0
0
0
16 1
0
0
0
]
[G
1
65
66
4
87
0
0
0
0
16 1
0
0
0
]
[G
1
65
66
4
88
0
0
0
0
16 1
0
0
0
]
[G
113
114
115
1
136
0
0
0
0
16 1
0
0
0
]
[G
1
65
66
8
86
0
0
0
0
16 1
0
0
0
]
[G
1
65
66
9
86
0
0
0
0
16 1
0
0
0
]
[G
1
65
66
10
86
0
0
0
0
16 1
0
0
0
]
[G
1
65
66
10
87
0
0
0
0
16 1
0
0
0
]
[G
1
65
66
12
86
0
0
0
0
16 1
0
0
0
]
[G
1
65
66
13
86
0
0
0
0
16 1
0
0
0
]
[G
1
65
66
11
89
0
0
0
0
16 1
0
0
0
]
[G
1
65
66
10
81
0
0
0
0
16 1
0
0
0
]
[G
113
114
115
1
121
0
0
0
0
8 1
0
0
0
]
[G
1
65
66
12
81
0
0
0
0
16 1
0
0
0
]
[G
1
65
66
15
89
0
0
0
0
16 1
0
0
0
]
[G
1
65
66
1
87
0
0
0
0
16 1
0
0
0
]
[G
1
65
66
3
86
0
0
0
0
16 1
0
0
0
]
[G
1
65
66
3
87
0
0
0
0
16 1
0
0
0
]
[G
1
65
66
2
89
0
0
0
0
16 1
0
0
0
]
[G
1
65
66
6
86
0
0
0
0
16 1
0
0
0
]
[G
1
65
66
5
88
0
0
0
0
16 1
0
0
0
]
[G
1
65
66
7
87
0
0
0
0
16 1
0
0
0
]
[G
1
65
66
8
87
0
0
0
0
16 1
0
0
0
]
[G
1
65
66
9
87
0
0
0
0
16 1
0
0
0
]
[G
1
65
66
9
88
0
0
0
0
16 1
0
0
0
]
[G
1
65
66
10
88
0
0
0
0
16 1
0
0
0
]
[G
1
65
66
12
87
0
0
0
0
16 1
0
0
0
]
[G
113
114
115
1
123
0
0
0
0
8 1
0
0
0
]
[G
1
65
66
15
86
0
0
0
0
16 1
0
0
0
]
[G
1
65
66
11
81
0
0
0
0
16 1
0
0
0
]
[G
1
65
66
15
88
0
0
0
0
16 1
0
0
0
]
[G
113
114
115
3
121
0
0
0
0
8 1
0
0
0
]
[G
113
114
115
3
135
0
0
0
0
16 1
0
0
0
]
[G
1
105
106
1
111
0
0
0
0
32 1
0
0
0
]
[G
1
65
66
1
89
0
0
0
0
16 1
0
0
0
]
[G
1
65
66
3
88
0
0
0
0
16 1
0
0
0
]
[G
1
65
66
3
89
0
0
0
0
16 1
0
0
0
]
[G
1
65
66
2
81
0
0
0
0
16 1
0
0
0
]
[G
1
65
66
6
88
0
0
0
0
16 1
0
0
0
]
[G
1
65
66
7
88
0
0
0
0
16 1
0
0
0
]
[G
1
65
66
8
88
0
0
0
0
16 1
0
0
0
]
[G
1
65
66
8
89
0
0
0
0
16 1
0
0
0
]
[G
1
65
66
9
89
0
0
0
0
16 1
0
0
0
]
[G
1
65
66
10
89
0
0
0
0
16 1
0
0
0
]
[G
1
65
66
14
86
0
0
0
0
16 1
0
0
0
]
[G
1
65
66
14
87
0
0
0
0
16 1
0
0
0
]
[G
1
65
66
14
88
0
0
0
0
16 1
0
0
0
]
[G
1
65
66
14
89
0
0
0
0
16 1
0
0
0
]
[G
1
65
66
1
88
0
0
0
0
16 1
0
0
0
]
[G
1
65
66
1
81
0
0
0
0
16 1
0
0
0
]
[G
1
65
66
7
86
0
0
0
0
16 1
0
0
0
]
[G
1
65
66
3
81
0
0
0
0
16 1
0
0
0
]
[P
113
114
115
139
140
1
0
0
]
[P
113
114
115
139
140
3
0
0
]
[P
113
114
115
137
104
1
0
0
]
[P
113
114
115
137
104
3
0
0
]
[P
1
36
3
61
57
1
0
0
]
[P
1
36
3
54
55
1
0
0
]
[P
1
36
3
60
55
1
0
0
]
[P
1
36
3
59
55
1
0
0
]
[P
1
36
3
56
57
1
0
0
]
[P
113
114
115
138
104
1
0
0
]
[P
113
114
115
138
104
3
0
0
]
[P
1
65
66
144
143
1
0
0
]
[P
1
65
66
142
143
1
0
0
]
[P
1
65
66
145
143
1
0
0
]
[P
1
65
66
142
144
4
0
0
]
[P
1
65
66
142
143
5
0
0
]
[P
1
65
66
142
144
7
0
0
]
[P
1
65
66
145
144
7
0
0
]
[P
1
65
66
142
143
10
0
0
]
[P
1
65
66
142
144
12
0
0
]
[P
1
65
66
142
143
13
0
0
]
[P
113
114
115
103
104
1
0
0
]
[P
113
114
115
141
140
1
0
0
]
[P
113
114
115
141
140
3
0
0
]
[P
1
36
3
64
63
1
0
0
]
[P
1
36
3
58
57
1
0
0
]
[P
1
2
3
34
35
1
0
0
]
[P
1
2
3
34
35
2
0
0
]
[P
1
36
3
62
63
1
0
0
]
[P
1
96
97
103
104
1
0
0
]
